$ANSIBLE_VAULT;1.1;AES256
32346462626130356564306536383336313839343166383861383637376234383631663864613835
6437343231616163616264313035626330393161653430350a323832353235623864663165306630
32346530336437323964346265333134383132383239393135306233616234323639653830633731
3866376136356132340a313731386562363266363132383335323835653739623561393532633465
37623130633766376665386539313239326161633138626362363036663065366233653833646565
66323937346234356436313936383566633339306132623836376536616133333565663963623265
34663138373664363461663966343763333139656562666362393233653133613236373834306631
30613135343435306430613138643537613666393066646363376561613833393132633032613733
37623336303966353238666639323335666232363732303031343438663836323165643261366262
30363630646230643237643134383831653361366431313639373666396263616266313739643064
38373333353463633937663262356364303130616234383738303538626238393363353862663630
34646536313532623837653962623766666164663538613834333666636564613839643166383033
62633766623938386564316635653532313039646665373133626134353633303234393335336233
30326362343038613461653030323531633361323730366233373132343461613531303539353634
63373234646139623639633036363439396535633934376262613063356131373137643233616231
30633161383762353835633636633434396666663730366535313137646233396565653163313734
37306266356234626536633536316163646337633866626165643962323433386535363037373563
65623665356662363163383262333531376433646237336136656437663038353437373532623236
62376465313232336237363338346664613837393162393736376438643230393966653036663134
32346437323736353736363133656564653634656231326435343265393337306235323861656338
64343335336631336636386533316638356335333533646465666630613238383832303165313264
62636664353736333264656630343033303631366562323565616634643266663332383735353230
32333934663062373337343464383462396630663761616365633438343030373833383531623936
36613930353566306335393464316166303730643265383030316464663264386233666233326564
61616131313062623536383236393835346235303066633265663161613937313561393439663865
61633564396462663437626662353239316264663464643832376534373338653536313066316264
35383065666330336435633138356235303038333866623237653136303030633764643161666431
30306631373633613765353934633934323864336336363962333362383736353061333666353765
32393531336132636230663662393164343064396265343135333036393764373163346634376337
31626465323034323961363530353031663033623039343730366265656366383163353232623139
31393665383436353861313633316566326534643439326464353366353939663366306162306239
30636633633531333333356439663833313732306438333962616233653131633434616162363833
36333061393137633733306265626535646164663538323965633830383465383562643663656464
33616165373036663862646137633862356437303835383834303563653563303631633739353266
63343236646633616132303162616466646632613166626664653364666331336263353963326164
62363061356233343565656237633235393439643135303261653563393737373865636161613662
65323239353533653661343535623234643439313031386264616434376431313032303637396437
34343861316232353437323234636163303932313334303731336363646130386334366333343937
36343039626238383230326462303632346231363930373836393734636638663134643637663737
38633831663030313231653665626333333331333834616439656532323461643838363230613935
34653738663561366461616538316134643936663637333332656438363132656332346238326664
34663638643966383536326465346364306336333465313736343465353435666430306538373063
34333135323337366438396231336335343465363832323432346437376439393564646665366531
39333738393731616237356335666434643065393165343738336361616364323034333133353139
35643334343835623465353435333766313636346438316234323663666531373965626138303831
31313063613465333761643138356363316235396463663930396138643838333364366331376562
39383937363738643733393462336530376565376332623865663863316661316137613135663762
33383833353236623234343339383037363765386666303062386162386565663034336163303430
62313937383231373261616364613236386536303339346264373336643463666533303533666431
33393065316239353738386333303835383066326266366233623839303566356439393338653365
36343532376562656463336432333764376166383732363538343639323335323337393937613630
37386338306463663165633633623031333933303633646461316561636265383738663235313331
65386236356462336235386338313132326263373734376137303338346263393536656363306161
66373832623630353133613565353964316539353663633361633530316130373339386364396565
66346532653633633966636234383138383662643835396263313139626235653330646462346130
61633266633633316162376335383132616431363839386430666666353637313338313330326363
64636263613163353764663936373030666639383539616538386631383436326138383032626133
62653536303937636366613235653461396133666666323639316230376130303532643234316261
65383465333530626465363231323535393961636339356361323464623430306333653030313431
38376332313062613230623231323961316362613536353561303038343263633934393035656635
33396235636261303366636635636565383562323762646433383535326334376239616231646636
34663463623932666630343732663637633865663764326439383762353466373337343338626234
35326632663836326263656566366530383562613730613537346336633133323532666134613038
34643334393637326536353266366139616563343365616332386237313634373933636261656433
33396538633764653361346239393039393235346261613762623164623334356438623136393062
65353163366337383736623435373031643332626366666438363239376634623334353834386433
37383431643466363631626538306430323530316238663762643263396130343636383839343761
39613836666134343061323935343763343666343735653862353437343962343530366437316436
39313831613663333830333435303938316635333532633135643236643936633837373230356361
64613934643762313765396462353339646435653034323131653363616534333233386432626663
33656138313036346139376539613435353430366334646334323732383931363334373330396433
39663265353862653362303134316366613462366238636332646539323831633364353033616134
63303865323566636434303266353439353531666266363532313137326361613539393639376164
32346134323437653539633930306661323838633539393732656535363266333465376436366637
34356436343066363764646362616363343466636436333637626332316132656362303566616363
32623966383335356266383336393632653562303130323137343338313839346536653633336461
62303535643537363631666632336662636139353166616131306664396331363635386432616337
39393830383062346566386561326337633732363364366438616437613733326138643562326663
66343731353630346265363361613938653234353331643364323335356332363465326137663336
35633165303033393332653434393730636662343464303831326633303662616465366237393438
30326532303364366133346430336331656432656533373665386361626231353930383764323565
36336263303333356562336435356362663261336566373939633131343933313966313131303564
61303462373362633937353633303062373866633362663739386562306630336464306535336239
65383830326134613063303862326261306161653564613039613137306539663731643439386463
37333761666237306634653238313233383262316263353566353039653239643936626266633131
39626438623737353263636662373039386431636561653466616432613263626261306534643836
35343066656565303861613438373439366662356632363665656262633235313632356261313232
62613034396134396130313232363762383863323533343534636337613634616539656266613566
37333332656662653265383765373562636232353236363139343035393664383465393065346139
37663731653161366666303231653439323465653462636430383531646266643536383238336332
65613263656430663565303565663538653531303033353962356632333630306463343532616132
65303831393731343835353231303234303430633031333936303463616161646336376633393038
66643736383331643439373032343533383862363865626366333637353839383237323532313465
64373033343561346136316139383732616334316639653965303963326663613833663362653266
37303065653862653464613562323462626336343464336638393731303132346436633538323637
66383337326439356239386462643038616434623230386130363633373766643063383632363463
66373638336637356362616566303462666661663534613431396564626330323131346631643565
64303834623466656534656363633333323439613537656362633861376633383631393131663435
66386435333936616437346665333737373333353364336366316431663034646165333366613332
62646539646438323464643634663136366461393637326163393066373736623536333033656331
38356365303933383730646665326637363931663431386331633464623737383535636632323366
39373932636331333062326565623837356264346366376234396235636461643635393934656433
33656436643735336230383138383637376530373462313630343632636135303330343337663764
36666364613964376564323030386638343938653935343737393962343461373230323435383834
35336638323761303730333236353335353664396464393264616230366133343436396631366535
30616231643336363936353663303061353765343363343831323531353934393234363636333064
33333930666664336532373639313566623638656366363630363330326434363436353066326636
33363263356663343330623134326132313532383963346232623337313238636432643933643437
39316132303031356365653034626135626437656138636139616433343832663637623133313939
32656632313032376536373538616362623439653235656235306636326663306339383837386538
33663139333139366631646336653138616438303066343030613331396364396263323336376431
62343536383034613034383466646430393033376137323737363137643334616466653831386665
34313730343138663735653931343466633332313238633362333262643339336536316265373764
62366132653334653535356563373537306632323236656136653130386532626331636465333039
66626564623437613934633964663161383936366231366661353130656165666439373831313062
36316266353936663965346631306566333337313233396364343366323638376435666565353732
64336235386164613835616332383161323230343265386234633736396636656666306336323232
64633839393364646563353731626132366136343031313065336362633530353631663032663761
32656137623861303361383836626639323263316437396336306163633431366536373461353739
39613234623464333437613663653633333339623530613961316463356237373962666161663264
61316663366161326663613762316362393130636463303662363665363366333233643034326661
39316633373363613566326432303663396230386162656634353430303331333034373361633133
61376263656336366366383862623132336232633966613336383663353462646133373537313663
33393235373831353964313132653939613464323433623561333332356164663031386133616665
31306234396562373261373861323534656130383034313737613362353035343764633638616631
38633237353538336336366363343234306237346361363731313466633036383436346430613338
35646139333337656438353864313932653863303436323037383736323538316133653635623234
34303562336532343633326337326365323665353964303436323635623166393465626534666430
63633038313162333037343533643233633030363732333532633731633332626461616332633563
36393839666364323530306438663038336661616263626331663837666462643136323538636233
63663039613063383935623466366264643931623230643535333131386336656263353761613361
32623665356234346563613062396136623831633738623161323666636530646239343230386466
37626663333832393135323964613762383362306561303663396565333033616262623036313833
32656362633761393839323830353731626539626634316139633163336434333862663137326239
39386139333962333737343263646439313032626630616539313432633061656631326261646439
63336230376661623734316131313166316436633135306363646266303361313161323664303162
38393337303730373132633638323937623261303463316161613164633439373332323763623564
37643130636634393531643866643137636530636135356563383435663339306633346439653262
33653435386133396237336162633265393533653233646662666330373064646461653532356266
38366533353738383364343938623736316635636234343139623064653332316330383964326334
37643139313164343965333738356661393035303031326565353062303765326565323863323062
33303635623563623662313230623338663339376337353238663466333933646235346536333437
31613630353366666334363039643362393066346539376632303965306630376265353164623939
63646336326435663962303361616663613061386532626337613039313734303530643461613135
32313135393339613837393664353130646536343433356638613932666334386265653535333238
62356336633931326437643132383036376231633361376533646539333235303338363939343961
30326233306530653033323330343866663038623261373733616636326166346539613933653562
34383436616639326533616335303263303032653539613361633062373963633336366265356538
31333032323937353832393961383463653938373262326131656164616137323161363430353734
37326331346137646532643465326365633039396563646339323561623135393735356335343435
65376432383634653464633736663637616639663064636264376434613961373161316532303661
66616339316630303365343463646330383538633430623561333630386231346533626237313430
35376634353632656239623531653630306364643463373239336166643566626264373034663362
36643132396565656435643838613265396136626663306662623231356636656133393765386562
62383837303865613633333630303166326164623065393530656364616136333530393631653064
36653335373032303364306538373431396561363736303737646135363838373330346235656466
31323937306439303436343361323966356138653465386436373839316634336538356534383561
62383732376531336633626362323836393263636136306566346261636534343036653338353964
30386134633161306334323562633437353461326339323838396563656330623431663632653261
37623632363737393433633732366262613638643437376132373238356234366665636634623766
39363036666465316235316234663332643530633866663332613564326162353762646632313637
31623830383466366161623663386162636235653730623566623831326638613766643135633863
66663864666464343133306430353733633236353535653663336330353066643464623635306466
34626664633538396137303962323538393833346330333364343833383039393864373762633736
64343837363936353637633162343134353436623332653237373539396339633034313238613230
63623365323734663061663361333135386634366438393231336361353434616365623336306536
38346364663631346261336335633463343630366663333563656665323661386235303639303765
32636636393866396539323234383436633535343231306532666334343635376338336538393834
39336333393632623237623834313230323636393764663361336132356463336635326361373238
30393434323761323133666565353932306565353637336633656432626533653364363436663563
36663839656462306165386237323266336137356637313565643935326332333164646263393933
30626237643237373030306561613665616162326135333562633965653732363862373465656330
6364
