$ANSIBLE_VAULT;1.1;AES256
36643038653330333738326135303230323162323330316563303763646237646362363362353265
3064323263363536366534363533343764346238633736360a363735623632663934393836626166
32353331386331376262623130613164643039373137323566646130306631663364326366363634
6261656234316339650a306136363537643632356630356166656137626139316434373565373739
31353462336334396463306466313331326533653539666633303539336638633934626436666138
65313162386232306663333865316434323865383431663333363335373465306632663734643836
33363835353666363034623164333262303530353332636363336430386164613538303336333163
66353131353038396636636633613632323832656461653833616634366666383630306636303961
63353935316432623566303738343766653530353462353435303832636565646265393462326533
39363733643565313063323262366161626264363063303465313262636433336536613738343134
63613530656565356665366364396133353765336366636335393036326430306462666366646266
36663563313334383535333034333863363561363066386237393763623833303362636536353635
62313735316666646466336234393065306534316332643632666661346366353833623262316335
61356163636662616263343265396362393033333864353237653939386637326564326538353436
36373333656261363134323730306434336530636232303438646432663630373937376131333863
33313533353466623135313965663339353438663837623639303032333461373135656262633164
34663165643434636339303463323237656435316462343664306664313765356639643162333131
33356262613232393733343237336562653931373466373164613465373563633464633261616361
34303135663663373730353734643734643031393161373861316537303163626635626638363134
64303138356434303539
